1
32
23
2
43
453
4356
35
3
5378
7857
675
4567
6574
5
467
4
67
47
5
6
4
64
5
7
57
8
86786
46
746
45245
54245
562
2331
123
45
677
8979
09
909
96
54534
1
23
34454
65576
857
87
2
2
3
3
4
5
34
23
2
21
213
12
3
1
2213
1231
2
31
231
23
56
47
272
28129
29
92822
72
7237
5
13
4565
67
78
8
8
97
45
43
23
456
89
76653
433121
12
21
2143
45
546
87
76
56
4565
25
28
8
9
2982
29
28
286
5754
75442
265
21
564
7658
65864
4683
2562
145
5776
875
462
6524
56
653
76484
46
46
48
684
68
678
6878
464
46
74
674
4
6
46
7
46743
768
79
980
97
47
73
7371
41
45456
768
36
2564
56
78
742
24
14
4556
67
467
36
353
3566
78673
25
251
514
45
65
76
78
525
631
56757
563
545
5
35
7
813
1414
25
532
123
4567
67533
9585
345
34
52
42
24
54
2456
24562
1451
14
143
134

